<?xml version="1.0"?>
<opencv_storage>
<camera_matrix type_id="opencv-matrix">
  <rows>3</rows>
  <cols>3</cols>
  <dt>d</dt>
  <data>
    555.04644689894246 0. 318.02189216591057 0. 558.22042404523575
    217.05026883406697 0. 0. 1.</data></camera_matrix>
<distcoffs type_id="opencv-matrix">
  <rows>5</rows>
  <cols>1</cols>
  <dt>d</dt>
  <data>
    0.066280158934720737 -0.045358994709545457 -0.013240914969634116
    0.0036570792044713432 -0.16793348392764615</data></distcoffs>
</opencv_storage>
